joy: 0.0
surprise: 38.09186264807748
anger: 0.0
disgust: 0.0
fear: 4.358898943540674
sadness: 0.0
