joy: 0.0
surprise: 16.925451666866202
anger: 0.0
disgust: 0.0
fear: 4.465937565388721
sadness: 0.0
